172
12
487 28
487 26
487 28
489 28
489 26
489 28
491 28
491 27
491 28
493 28
493 24
493 28
27
484 163
484 162
484 163
486 163
486 154
486 163
488 163
488 162
488 163
490 163
490 159
490 163
492 163
492 153
492 163
494 163
494 162
494 163
496 163
496 159
496 163
498 163
498 161
498 163
500 163
500 160
500 163
2
468 147
472 147
12
487 28
487 26
487 28
489 28
489 26
489 28
491 28
491 27
491 28
493 28
493 24
493 28
2
474 143
478 143
27
451 130
451 122
451 130
453 130
453 120
453 130
455 130
455 125
455 130
457 130
457 125
457 130
459 130
459 122
459 130
461 130
461 126
461 130
463 130
463 124
463 130
465 130
465 129
465 130
467 130
467 127
467 130
2
495 48
500 48
27
464 79
464 72
464 79
466 79
466 69
466 79
468 79
468 72
468 79
470 79
470 69
470 79
472 79
472 70
472 79
474 79
474 72
474 79
476 79
476 72
476 79
478 79
478 75
478 79
480 79
480 75
480 79
27
464 79
464 72
464 79
466 79
466 69
466 79
468 79
468 72
468 79
470 79
470 69
470 79
472 79
472 70
472 79
474 79
474 72
474 79
476 79
476 72
476 79
478 79
478 75
478 79
480 79
480 75
480 79
8
465 133
465 135
460 135
460 138
472 138
472 135
471 135
471 133
27
464 79
464 72
464 79
466 79
466 69
466 79
468 79
468 72
468 79
470 79
470 69
470 79
472 79
472 70
472 79
474 79
474 72
474 79
476 79
476 72
476 79
478 79
478 75
478 79
480 79
480 75
480 79
2
467 48
472 48
27
451 130
451 122
451 130
453 130
453 120
453 130
455 130
455 125
455 130
457 130
457 125
457 130
459 130
459 122
459 130
461 130
461 126
461 130
463 130
463 124
463 130
465 130
465 129
465 130
467 130
467 127
467 130
12
487 28
487 26
487 28
489 28
489 26
489 28
491 28
491 27
491 28
493 28
493 24
493 28
12
487 28
487 26
487 28
489 28
489 26
489 28
491 28
491 27
491 28
493 28
493 24
493 28
27
451 130
451 122
451 130
453 130
453 120
453 130
455 130
455 125
455 130
457 130
457 125
457 130
459 130
459 122
459 130
461 130
461 126
461 130
463 130
463 124
463 130
465 130
465 129
465 130
467 130
467 127
467 130
8
465 51
465 53
459 53
459 60
468 60
468 53
467 53
467 51
8
476 91
476 94
473 94
473 98
487 98
487 94
481 94
481 91
2
485 113
490 113
8
465 133
465 135
460 135
460 138
472 138
472 135
471 135
471 133
27
464 79
464 72
464 79
466 79
466 69
466 79
468 79
468 72
468 79
470 79
470 69
470 79
472 79
472 70
472 79
474 79
474 72
474 79
476 79
476 72
476 79
478 79
478 75
478 79
480 79
480 75
480 79
2
468 143
472 143
12
487 28
487 26
487 28
489 28
489 26
489 28
491 28
491 27
491 28
493 28
493 24
493 28
27
451 130
451 122
451 130
453 130
453 120
453 130
455 130
455 125
455 130
457 130
457 125
457 130
459 130
459 122
459 130
461 130
461 126
461 130
463 130
463 124
463 130
465 130
465 129
465 130
467 130
467 127
467 130
27
484 163
484 162
484 163
486 163
486 154
486 163
488 163
488 162
488 163
490 163
490 159
490 163
492 163
492 153
492 163
494 163
494 162
494 163
496 163
496 159
496 163
498 163
498 161
498 163
500 163
500 160
500 163
8
476 91
476 94
473 94
473 98
487 98
487 94
481 94
481 91
27
484 163
484 162
484 163
486 163
486 154
486 163
488 163
488 162
488 163
490 163
490 159
490 163
492 163
492 153
492 163
494 163
494 162
494 163
496 163
496 159
496 163
498 163
498 161
498 163
500 163
500 160
500 163
8
484 31
484 33
483 33
483 37
496 37
496 33
488 33
488 31
2
477 107
482 107
27
451 130
451 122
451 130
453 130
453 120
453 130
455 130
455 125
455 130
457 130
457 125
457 130
459 130
459 122
459 130
461 130
461 126
461 130
463 130
463 124
463 130
465 130
465 129
465 130
467 130
467 127
467 130
2
479 88
484 88
8
465 133
465 135
460 135
460 138
472 138
472 135
471 135
471 133
2
476 42
481 42
12
487 28
487 26
487 28
489 28
489 26
489 28
491 28
491 27
491 28
493 28
493 24
493 28
3
476 149
476 150
492 150
8
484 31
484 33
483 33
483 37
496 37
496 33
488 33
488 31
27
484 163
484 162
484 163
486 163
486 154
486 163
488 163
488 162
488 163
490 163
490 159
490 163
492 163
492 153
492 163
494 163
494 162
494 163
496 163
496 159
496 163
498 163
498 161
498 163
500 163
500 160
500 163
27
484 163
484 162
484 163
486 163
486 154
486 163
488 163
488 162
488 163
490 163
490 159
490 163
492 163
492 153
492 163
494 163
494 162
494 163
496 163
496 159
496 163
498 163
498 161
498 163
500 163
500 160
500 163
2
457 113
462 113
27
484 163
484 162
484 163
486 163
486 154
486 163
488 163
488 162
488 163
490 163
490 159
490 163
492 163
492 153
492 163
494 163
494 162
494 163
496 163
496 159
496 163
498 163
498 161
498 163
500 163
500 160
500 163
2
480 147
484 147
2
463 107
468 107
27
484 163
484 162
484 163
486 163
486 154
486 163
488 163
488 162
488 163
490 163
490 159
490 163
492 163
492 153
492 163
494 163
494 162
494 163
496 163
496 159
496 163
498 163
498 161
498 163
500 163
500 160
500 163
27
451 130
451 122
451 130
453 130
453 120
453 130
455 130
455 125
455 130
457 130
457 125
457 130
459 130
459 122
459 130
461 130
461 126
461 130
463 130
463 124
463 130
465 130
465 129
465 130
467 130
467 127
467 130
8
465 133
465 135
460 135
460 138
472 138
472 135
471 135
471 133
27
484 163
484 162
484 163
486 163
486 154
486 163
488 163
488 162
488 163
490 163
490 159
490 163
492 163
492 153
492 163
494 163
494 162
494 163
496 163
496 159
496 163
498 163
498 161
498 163
500 163
500 160
500 163
27
464 79
464 72
464 79
466 79
466 69
466 79
468 79
468 72
468 79
470 79
470 69
470 79
472 79
472 70
472 79
474 79
474 72
474 79
476 79
476 72
476 79
478 79
478 75
478 79
480 79
480 75
480 79
12
487 28
487 26
487 28
489 28
489 26
489 28
491 28
491 27
491 28
493 28
493 24
493 28
2
470 46
475 46
8
484 31
484 33
483 33
483 37
496 37
496 33
488 33
488 31
27
464 79
464 72
464 79
466 79
466 69
466 79
468 79
468 72
468 79
470 79
470 69
470 79
472 79
472 70
472 79
474 79
474 72
474 79
476 79
476 72
476 79
478 79
478 75
478 79
480 79
480 75
480 79
27
464 79
464 72
464 79
466 79
466 69
466 79
468 79
468 72
468 79
470 79
470 69
470 79
472 79
472 70
472 79
474 79
474 72
474 79
476 79
476 72
476 79
478 79
478 75
478 79
480 79
480 75
480 79
8
465 51
465 53
459 53
459 60
468 60
468 53
467 53
467 51
8
476 91
476 94
473 94
473 98
487 98
487 94
481 94
481 91
8
465 51
465 53
459 53
459 60
468 60
468 53
467 53
467 51
2
472 88
477 88
27
464 79
464 72
464 79
466 79
466 69
466 79
468 79
468 72
468 79
470 79
470 69
470 79
472 79
472 70
472 79
474 79
474 72
474 79
476 79
476 72
476 79
478 79
478 75
478 79
480 79
480 75
480 79
12
487 28
487 26
487 28
489 28
489 26
489 28
491 28
491 27
491 28
493 28
493 24
493 28
2
483 42
488 42
2
470 107
475 107
27
464 79
464 72
464 79
466 79
466 69
466 79
468 79
468 72
468 79
470 79
470 69
470 79
472 79
472 70
472 79
474 79
474 72
474 79
476 79
476 72
476 79
478 79
478 75
478 79
480 79
480 75
480 79
27
484 163
484 162
484 163
486 163
486 154
486 163
488 163
488 162
488 163
490 163
490 159
490 163
492 163
492 153
492 163
494 163
494 162
494 163
496 163
496 159
496 163
498 163
498 161
498 163
500 163
500 160
500 163
2
474 147
478 147
8
465 51
465 53
459 53
459 60
468 60
468 53
467 53
467 51
2
479 40
484 40
27
464 79
464 72
464 79
466 79
466 69
466 79
468 79
468 72
468 79
470 79
470 69
470 79
472 79
472 70
472 79
474 79
474 72
474 79
476 79
476 72
476 79
478 79
478 75
478 79
480 79
480 75
480 79
27
464 79
464 72
464 79
466 79
466 69
466 79
468 79
468 72
468 79
470 79
470 69
470 79
472 79
472 70
472 79
474 79
474 72
474 79
476 79
476 72
476 79
478 79
478 75
478 79
480 79
480 75
480 79
2
482 85
487 85
8
476 91
476 94
473 94
473 98
487 98
487 94
481 94
481 91
27
451 130
451 122
451 130
453 130
453 120
453 130
455 130
455 125
455 130
457 130
457 125
457 130
459 130
459 122
459 130
461 130
461 126
461 130
463 130
463 124
463 130
465 130
465 129
465 130
467 130
467 127
467 130
27
484 163
484 162
484 163
486 163
486 154
486 163
488 163
488 162
488 163
490 163
490 159
490 163
492 163
492 153
492 163
494 163
494 162
494 163
496 163
496 159
496 163
498 163
498 161
498 163
500 163
500 160
500 163
27
451 130
451 122
451 130
453 130
453 120
453 130
455 130
455 125
455 130
457 130
457 125
457 130
459 130
459 122
459 130
461 130
461 126
461 130
463 130
463 124
463 130
465 130
465 129
465 130
467 130
467 127
467 130
2
491 46
496 46
8
476 91
476 94
473 94
473 98
487 98
487 94
481 94
481 91
27
484 163
484 162
484 163
486 163
486 154
486 163
488 163
488 162
488 163
490 163
490 159
490 163
492 163
492 153
492 163
494 163
494 162
494 163
496 163
496 159
496 163
498 163
498 161
498 163
500 163
500 160
500 163
27
451 130
451 122
451 130
453 130
453 120
453 130
455 130
455 125
455 130
457 130
457 125
457 130
459 130
459 122
459 130
461 130
461 126
461 130
463 130
463 124
463 130
465 130
465 129
465 130
467 130
467 127
467 130
27
451 130
451 122
451 130
453 130
453 120
453 130
455 130
455 125
455 130
457 130
457 125
457 130
459 130
459 122
459 130
461 130
461 126
461 130
463 130
463 124
463 130
465 130
465 129
465 130
467 130
467 127
467 130
8
484 31
484 33
483 33
483 37
496 37
496 33
488 33
488 31
8
484 31
484 33
483 33
483 37
496 37
496 33
488 33
488 31
2
488 48
493 48
4
492 14
492 15
509 15
509 14
4
461 116
461 117
468 117
468 116
27
464 79
464 72
464 79
466 79
466 69
466 79
468 79
468 72
468 79
470 79
470 69
470 79
472 79
472 70
472 79
474 79
474 72
474 79
476 79
476 72
476 79
478 79
478 75
478 79
480 79
480 75
480 79
4
461 116
461 117
468 117
468 116
12
487 28
487 26
487 28
489 28
489 26
489 28
491 28
491 27
491 28
493 28
493 24
493 28
8
465 133
465 135
460 135
460 138
472 138
472 135
471 135
471 133
27
484 163
484 162
484 163
486 163
486 154
486 163
488 163
488 162
488 163
490 163
490 159
490 163
492 163
492 153
492 163
494 163
494 162
494 163
496 163
496 159
496 163
498 163
498 161
498 163
500 163
500 160
500 163
2
486 88
491 88
27
484 163
484 162
484 163
486 163
486 154
486 163
488 163
488 162
488 163
490 163
490 159
490 163
492 163
492 153
492 163
494 163
494 162
494 163
496 163
496 159
496 163
498 163
498 161
498 163
500 163
500 160
500 163
27
484 163
484 162
484 163
486 163
486 154
486 163
488 163
488 162
488 163
490 163
490 159
490 163
492 163
492 153
492 163
494 163
494 162
494 163
496 163
496 159
496 163
498 163
498 161
498 163
500 163
500 160
500 163
27
451 130
451 122
451 130
453 130
453 120
453 130
455 130
455 125
455 130
457 130
457 125
457 130
459 130
459 122
459 130
461 130
461 126
461 130
463 130
463 124
463 130
465 130
465 129
465 130
467 130
467 127
467 130
27
464 79
464 72
464 79
466 79
466 69
466 79
468 79
468 72
468 79
470 79
470 69
470 79
472 79
472 70
472 79
474 79
474 72
474 79
476 79
476 72
476 79
478 79
478 75
478 79
480 79
480 75
480 79
27
484 163
484 162
484 163
486 163
486 154
486 163
488 163
488 162
488 163
490 163
490 159
490 163
492 163
492 153
492 163
494 163
494 162
494 163
496 163
496 159
496 163
498 163
498 161
498 163
500 163
500 160
500 163
27
484 163
484 162
484 163
486 163
486 154
486 163
488 163
488 162
488 163
490 163
490 159
490 163
492 163
492 153
492 163
494 163
494 162
494 163
496 163
496 159
496 163
498 163
498 161
498 163
500 163
500 160
500 163
8
476 91
476 94
473 94
473 98
487 98
487 94
481 94
481 91
2
487 44
492 44
27
451 130
451 122
451 130
453 130
453 120
453 130
455 130
455 125
455 130
457 130
457 125
457 130
459 130
459 122
459 130
461 130
461 126
461 130
463 130
463 124
463 130
465 130
465 129
465 130
467 130
467 127
467 130
2
481 110
486 110
27
484 163
484 162
484 163
486 163
486 154
486 163
488 163
488 162
488 163
490 163
490 159
490 163
492 163
492 153
492 163
494 163
494 162
494 163
496 163
496 159
496 163
498 163
498 161
498 163
500 163
500 160
500 163
2
478 82
483 82
27
464 79
464 72
464 79
466 79
466 69
466 79
468 79
468 72
468 79
470 79
470 69
470 79
472 79
472 70
472 79
474 79
474 72
474 79
476 79
476 72
476 79
478 79
478 75
478 79
480 79
480 75
480 79
12
487 28
487 26
487 28
489 28
489 26
489 28
491 28
491 27
491 28
493 28
493 24
493 28
27
451 130
451 122
451 130
453 130
453 120
453 130
455 130
455 125
455 130
457 130
457 125
457 130
459 130
459 122
459 130
461 130
461 126
461 130
463 130
463 124
463 130
465 130
465 129
465 130
467 130
467 127
467 130
27
464 79
464 72
464 79
466 79
466 69
466 79
468 79
468 72
468 79
470 79
470 69
470 79
472 79
472 70
472 79
474 79
474 72
474 79
476 79
476 72
476 79
478 79
478 75
478 79
480 79
480 75
480 79
27
451 130
451 122
451 130
453 130
453 120
453 130
455 130
455 125
455 130
457 130
457 125
457 130
459 130
459 122
459 130
461 130
461 126
461 130
463 130
463 124
463 130
465 130
465 129
465 130
467 130
467 127
467 130
27
451 130
451 122
451 130
453 130
453 120
453 130
455 130
455 125
455 130
457 130
457 125
457 130
459 130
459 122
459 130
461 130
461 126
461 130
463 130
463 124
463 130
465 130
465 129
465 130
467 130
467 127
467 130
27
464 79
464 72
464 79
466 79
466 69
466 79
468 79
468 72
468 79
470 79
470 69
470 79
472 79
472 70
472 79
474 79
474 72
474 79
476 79
476 72
476 79
478 79
478 75
478 79
480 79
480 75
480 79
27
464 79
464 72
464 79
466 79
466 69
466 79
468 79
468 72
468 79
470 79
470 69
470 79
472 79
472 70
472 79
474 79
474 72
474 79
476 79
476 72
476 79
478 79
478 75
478 79
480 79
480 75
480 79
27
464 79
464 72
464 79
466 79
466 69
466 79
468 79
468 72
468 79
470 79
470 69
470 79
472 79
472 70
472 79
474 79
474 72
474 79
476 79
476 72
476 79
478 79
478 75
478 79
480 79
480 75
480 79
27
484 163
484 162
484 163
486 163
486 154
486 163
488 163
488 162
488 163
490 163
490 159
490 163
492 163
492 153
492 163
494 163
494 162
494 163
496 163
496 159
496 163
498 163
498 161
498 163
500 163
500 160
500 163
2
473 104
478 104
8
465 133
465 135
460 135
460 138
472 138
472 135
471 135
471 133
27
464 79
464 72
464 79
466 79
466 69
466 79
468 79
468 72
468 79
470 79
470 69
470 79
472 79
472 70
472 79
474 79
474 72
474 79
476 79
476 72
476 79
478 79
478 75
478 79
480 79
480 75
480 79
27
484 163
484 162
484 163
486 163
486 154
486 163
488 163
488 162
488 163
490 163
490 159
490 163
492 163
492 153
492 163
494 163
494 162
494 163
496 163
496 159
496 163
498 163
498 161
498 163
500 163
500 160
500 163
27
451 130
451 122
451 130
453 130
453 120
453 130
455 130
455 125
455 130
457 130
457 125
457 130
459 130
459 122
459 130
461 130
461 126
461 130
463 130
463 124
463 130
465 130
465 129
465 130
467 130
467 127
467 130
2
467 110
472 110
2
475 85
480 85
27
484 163
484 162
484 163
486 163
486 154
486 163
488 163
488 162
488 163
490 163
490 159
490 163
492 163
492 153
492 163
494 163
494 162
494 163
496 163
496 159
496 163
498 163
498 161
498 163
500 163
500 160
500 163
8
465 51
465 53
459 53
459 60
468 60
468 53
467 53
467 51
27
484 163
484 162
484 163
486 163
486 154
486 163
488 163
488 162
488 163
490 163
490 159
490 163
492 163
492 153
492 163
494 163
494 162
494 163
496 163
496 159
496 163
498 163
498 161
498 163
500 163
500 160
500 163
27
451 130
451 122
451 130
453 130
453 120
453 130
455 130
455 125
455 130
457 130
457 125
457 130
459 130
459 122
459 130
461 130
461 126
461 130
463 130
463 124
463 130
465 130
465 129
465 130
467 130
467 127
467 130
2
460 110
465 110
27
451 130
451 122
451 130
453 130
453 120
453 130
455 130
455 125
455 130
457 130
457 125
457 130
459 130
459 122
459 130
461 130
461 126
461 130
463 130
463 124
463 130
465 130
465 129
465 130
467 130
467 127
467 130
4
492 14
492 15
509 15
509 14
2
473 44
478 44
8
484 31
484 33
483 33
483 37
496 37
496 33
488 33
488 31
2
462 147
466 147
27
451 130
451 122
451 130
453 130
453 120
453 130
455 130
455 125
455 130
457 130
457 125
457 130
459 130
459 122
459 130
461 130
461 126
461 130
463 130
463 124
463 130
465 130
465 129
465 130
467 130
467 127
467 130
27
484 163
484 162
484 163
486 163
486 154
486 163
488 163
488 162
488 163
490 163
490 159
490 163
492 163
492 153
492 163
494 163
494 162
494 163
496 163
496 159
496 163
498 163
498 161
498 163
500 163
500 160
500 163
2
477 145
481 145
27
464 79
464 72
464 79
466 79
466 69
466 79
468 79
468 72
468 79
470 79
470 69
470 79
472 79
472 70
472 79
474 79
474 72
474 79
476 79
476 72
476 79
478 79
478 75
478 79
480 79
480 75
480 79
27
451 130
451 122
451 130
453 130
453 120
453 130
455 130
455 125
455 130
457 130
457 125
457 130
459 130
459 122
459 130
461 130
461 126
461 130
463 130
463 124
463 130
465 130
465 129
465 130
467 130
467 127
467 130
2
471 113
476 113
27
451 130
451 122
451 130
453 130
453 120
453 130
455 130
455 125
455 130
457 130
457 125
457 130
459 130
459 122
459 130
461 130
461 126
461 130
463 130
463 124
463 130
465 130
465 129
465 130
467 130
467 127
467 130
2
464 113
469 113
8
465 51
465 53
459 53
459 60
468 60
468 53
467 53
467 51
27
451 130
451 122
451 130
453 130
453 120
453 130
455 130
455 125
455 130
457 130
457 125
457 130
459 130
459 122
459 130
461 130
461 126
461 130
463 130
463 124
463 130
465 130
465 129
465 130
467 130
467 127
467 130
27
464 79
464 72
464 79
466 79
466 69
466 79
468 79
468 72
468 79
470 79
470 69
470 79
472 79
472 70
472 79
474 79
474 72
474 79
476 79
476 72
476 79
478 79
478 75
478 79
480 79
480 75
480 79
4
461 116
461 117
468 117
468 116
2
477 46
482 46
2
484 46
489 46
8
484 31
484 33
483 33
483 37
496 37
496 33
488 33
488 31
2
471 141
475 141
12
487 28
487 26
487 28
489 28
489 26
489 28
491 28
491 27
491 28
493 28
493 24
493 28
2
474 48
479 48
27
451 130
451 122
451 130
453 130
453 120
453 130
455 130
455 125
455 130
457 130
457 125
457 130
459 130
459 122
459 130
461 130
461 126
461 130
463 130
463 124
463 130
465 130
465 129
465 130
467 130
467 127
467 130
8
465 51
465 53
459 53
459 60
468 60
468 53
467 53
467 51
27
464 79
464 72
464 79
466 79
466 69
466 79
468 79
468 72
468 79
470 79
470 69
470 79
472 79
472 70
472 79
474 79
474 72
474 79
476 79
476 72
476 79
478 79
478 75
478 79
480 79
480 75
480 79
4
492 14
492 15
509 15
509 14
27
464 79
464 72
464 79
466 79
466 69
466 79
468 79
468 72
468 79
470 79
470 69
470 79
472 79
472 70
472 79
474 79
474 72
474 79
476 79
476 72
476 79
478 79
478 75
478 79
480 79
480 75
480 79
27
451 130
451 122
451 130
453 130
453 120
453 130
455 130
455 125
455 130
457 130
457 125
457 130
459 130
459 122
459 130
461 130
461 126
461 130
463 130
463 124
463 130
465 130
465 129
465 130
467 130
467 127
467 130
27
464 79
464 72
464 79
466 79
466 69
466 79
468 79
468 72
468 79
470 79
470 69
470 79
472 79
472 70
472 79
474 79
474 72
474 79
476 79
476 72
476 79
478 79
478 75
478 79
480 79
480 75
480 79
3
476 149
476 150
492 150
2
464 66
472 66
27
484 163
484 162
484 163
486 163
486 154
486 163
488 163
488 162
488 163
490 163
490 159
490 163
492 163
492 153
492 163
494 163
494 162
494 163
496 163
496 159
496 163
498 163
498 161
498 163
500 163
500 160
500 163
27
451 130
451 122
451 130
453 130
453 120
453 130
455 130
455 125
455 130
457 130
457 125
457 130
459 130
459 122
459 130
461 130
461 126
461 130
463 130
463 124
463 130
465 130
465 129
465 130
467 130
467 127
467 130
2
474 110
479 110
2
478 113
483 113
8
465 133
465 135
460 135
460 138
472 138
472 135
471 135
471 133
2
465 145
469 145
27
451 130
451 122
451 130
453 130
453 120
453 130
455 130
455 125
455 130
457 130
457 125
457 130
459 130
459 122
459 130
461 130
461 126
461 130
463 130
463 124
463 130
465 130
465 129
465 130
467 130
467 127
467 130
2
471 145
475 145
2
480 44
485 44
27
464 79
464 72
464 79
466 79
466 69
466 79
468 79
468 72
468 79
470 79
470 69
470 79
472 79
472 70
472 79
474 79
474 72
474 79
476 79
476 72
476 79
478 79
478 75
478 79
480 79
480 75
480 79
2
469 101
474 101
27
484 163
484 162
484 163
486 163
486 154
486 163
488 163
488 162
488 163
490 163
490 159
490 163
492 163
492 153
492 163
494 163
494 162
494 163
496 163
496 159
496 163
498 163
498 161
498 163
500 163
500 160
500 163
27
464 79
464 72
464 79
466 79
466 69
466 79
468 79
468 72
468 79
470 79
470 69
470 79
472 79
472 70
472 79
474 79
474 72
474 79
476 79
476 72
476 79
478 79
478 75
478 79
480 79
480 75
480 79
27
484 163
484 162
484 163
486 163
486 154
486 163
488 163
488 162
488 163
490 163
490 159
490 163
492 163
492 153
492 163
494 163
494 162
494 163
496 163
496 159
496 163
498 163
498 161
498 163
500 163
500 160
500 163
8
476 91
476 94
473 94
473 98
487 98
487 94
481 94
481 91
27
484 163
484 162
484 163
486 163
486 154
486 163
488 163
488 162
488 163
490 163
490 159
490 163
492 163
492 153
492 163
494 163
494 162
494 163
496 163
496 159
496 163
498 163
498 161
498 163
500 163
500 160
500 163
2
481 48
486 48
2
466 104
471 104
