38
220580 684270 436611 263737
3329538 3016377 3355914 2862466
2605308 2023938 2197530 2271330
1810202 3423309 1829362 3182862
480296 3999646 1694700 4178942
46556 1283362 -91140 1441882
3741660 3959257 3537901 3368697
3399994 700264 3748004 2000000
1531981 3801761 1694700 4178942
193367 2712458 -91140 1441882
3199067 2194575 3748004 2000000
1878117 2578817 2197530 2271330
2439089 3168242 1829362 3182862
273443 171076 436611 263737
3680413 2477027 3748004 2000000
3620241 2904998 3355914 2862466
1728351 2895399 1829362 3182862
1894207 1168355 2197530 2271330
856867 3271314 1829362 3182862
3056788 2626224 3355914 2862466
3598024 3322247 3537901 3368697
1662543 3128823 1829362 3182862
3992558 1933059 3748004 2000000
1844282 2994285 1829362 3182862
3604375 3668021 3537901 3368697
2569893 3911832 1694700 4178942
117970 37503 436611 263737
3951385 3125577 3537901 3368697
2482373 2648092 2197530 2271330
915040 1835970 -91140 1441882
3047883 3301452 3537901 3368697
117432 1503889 -91140 1441882
1136011 261705 436611 263737
2343111 66183 2081841 -807749
608229 955721 436611 263737
1189379 3999750 1694700 4178942
766640 26597 436611 263737
3891093 2110588 3748004 2000000
